0 5
1 19
2 65
3 200
4 595
5 1638
6 3900
7 6892
8 8785
9 9307
10 9407
11 9422
12 9427
13 9427
14 9427
15 9427
16 9427
17 9427
18 9427
19 9427
20 9427
21 9427
22 9427
23 9427
24 9427
25 9427
26 9427
27 9427
28 9427
29 9427
30 9427
31 9427
32 9427
33 9427
34 9427
35 9427
36 9427
37 9427
38 9427
39 9427
40 9427
41 9427
42 9427
43 9427
44 9427
45 9427
46 9427
47 9427
48 9427
49 9427
50 9427
51 9427
52 9427
53 9427
54 9427
55 9427
56 9427
57 9427
58 9427
59 9427
60 9427
61 9427
62 9427
63 9427
64 9427
65 9427
66 9427
67 9427
68 9427
69 9427
70 9427
71 9417
72 9383
73 9276
74 8967
75 8132
76 6239
77 3597
78 1977
79 1722
80 1895
81 2134
82 2398
83 2693
84 2999
85 3327
86 3635
87 3971
88 4299
89 4608
90 4903
91 5229
92 5545
93 5835
94 6094
95 6305
96 6542
97 6751
98 6957
99 7141
100 7324
101 7492
102 7647
103 7793
104 7922
105 8024
106 8147
107 8240
108 8317
109 8399
110 8477
111 8546
112 8608
113 8660
114 8716
115 8766
116 8809
117 8850
118 8890
119 8944
120 8977
121 9002
122 9032
123 9054
124 9077
125 9103
126 9125
127 9154
128 9173
129 9187
130 9204
131 9211
132 9229
133 9239
134 9255
135 9262
136 9275
137 9283
138 9294
139 9303
140 9309
141 9313
142 9307
143 9289
144 9228
145 9069
146 8779
147 8533
148 8369
149 8207
150 8052
151 7912
152 7782
153 7651
154 7466
155 7303
156 7143
157 6987
158 6847
159 6711
160 6590
161 6456
162 6329
163 6251
164 6181
165 6167
166 6134
167 6126
168 6104
169 6123
170 6131
171 6150
172 6183
173 6218
174 6254
175 6312
176 6361
177 6423
178 6503
179 6555
180 6621
181 6703
182 6798
183 6884
184 6954
185 7030
186 7109
187 7198
188 7265
189 7325
190 7384
191 7459
192 7524
193 7579
194 7636
195 7712
196 7759
197 7808
198 7864
199 7923
200 7975
201 8018
202 8070
203 8110
204 8168
205 8213
206 8258
207 8290
208 8334
209 8361
210 8398
211 8426
212 8477
213 8504
214 8515
215 8514
216 8480
217 8429
218 8394
219 8359
220 8307
221 8269
222 8214
223 8135
224 8095
225 8017
226 7965
227 7888
228 7800
229 7735
230 7674
231 7593
232 7503
233 7402
234 7330
235 7234
236 7169
237 7081
238 7018
239 6937
240 6869
241 6799
242 6723
243 6672
244 6644
245 6616
246 6557
247 6537
248 6510
249 6507
250 6482
251 6441
252 6411
253 6395
254 6399
255 6392
256 6385
257 6374
258 6383
259 6384
260 6420
261 6438
262 6447
263 6483
264 6523
265 6556
266 6600
267 6630
268 6658
269 6695
270 6719
271 6769
272 6791
273 6830
274 6865
275 6912
276 6943
277 6990
278 7024
279 7062
280 7108
281 7165
282 7184
283 7229
284 7270
285 7296
286 7332
287 7370
288 7380
289 7368
290 7375
291 7373
292 7365
293 7364
294 7376
295 7368
296 7349
297 7322
298 7313
299 7282
300 7254
301 7214
302 7200
303 7180
304 7152
305 7142
306 7097
307 7077
308 7048
309 7025
310 7001
311 6986
312 6955
313 6911
314 6883
315 6834
316 6817
317 6772
318 6743
319 6711
320 6702
321 6685
322 6646
323 6625
324 6582
325 6581
326 6551
327 6533
328 6519
329 6509
330 6477
331 6460
332 6455
333 6440
334 6412
335 6372
336 6352
337 6337
338 6333
339 6326
340 6325
341 6333
342 6336
343 6355
344 6335
345 6338
346 6329
347 6341
348 6344
349 6347
350 6351
351 6348
352 6370
353 6384
354 6388
355 6388
356 6394
357 6398
358 6403
359 6419
360 6434
361 6460
362 6456
363 6458
364 6451
365 6461
366 6497
367 6518
368 6512
369 6513
370 6514
371 6521
372 6525
373 6518
374 6494
375 6482
376 6469
377 6449
378 6451
379 6435
380 6430
381 6410
382 6421
383 6426
384 6400
385 6397
386 6398
387 6383
388 6368
389 6364
390 6350
391 6346
392 6351
393 6338
394 6318
395 6294
396 6286
397 6279
398 6275
399 6253
400 6239
401 6228
402 6200
403 6176
404 6180
405 6172
406 6169
407 6170
408 6139
409 6109
410 6107
411 6097
412 6071
413 6042
414 6048
415 6033
416 6031
417 6016
418 6010
419 6009
420 6002
421 5994
422 5981
423 5970
424 5982
425 6004
426 5991
427 5969
428 5973
429 5982
430 5982
431 5968
432 5967
433 5955
434 5954
435 5947
436 5918
437 5900
438 5902
439 5892
440 5878
441 5887
442 5877
443 5867
444 5879
445 5874
446 5877
447 5872
448 5876
449 5863
450 5846
451 5850
452 5826
453 5806
454 5811
455 5818
456 5794
457 5801
458 5788
459 5776
460 5761
461 5753
462 5738
463 5736
464 5751
465 5756
466 5754
467 5726
468 5727
469 5725
470 5728
471 5711
472 5729
473 5740
474 5729
475 5719
476 5721
477 5707
478 5709
479 5713
480 5708
481 5698
482 5701
483 5704
484 5683
485 5674
486 5696
487 5683
488 5659
489 5651
490 5645
491 5637
492 5619
493 5625
494 5623
495 5599
496 5608
497 5599
498 5574
499 5553
500 5546
501 5537
502 5543
503 5534
504 5528
505 5524
506 5520
507 5522
508 5524
509 5528
510 5533
511 5521
512 5521
513 5524
514 5513
515 5505
516 5503
517 5498
518 5477
519 5483
520 5481
521 5480
522 5460
523 5470
524 5447
525 5436
526 5442
527 5417
528 5423
529 5404
530 5403
531 5400
532 5388
533 5374
534 5371
535 5351
536 5344
537 5348
538 5325
539 5306
540 5288
541 5289
542 5289
543 5275
544 5248
545 5242
546 5236
547 5226
548 5224
549 5212
550 5195
551 5177
552 5181
553 5165
554 5167
555 5156
556 5124
557 5135
558 5148
559 5173
560 5169
561 5160
562 5168
563 5144
564 5121
565 5120
566 5121
567 5148
568 5133
569 5154
570 5146
571 5142
572 5132
573 5135
574 5132
575 5121
576 5108
577 5099
578 5078
579 5088
580 5082
581 5090
582 5100
583 5082
584 5089
585 5081
586 5072
587 5091
588 5092
589 5085
590 5088
591 5078
592 5100
593 5091
594 5103
595 5093
596 5079
597 5084
598 5081
599 5086
600 5072
601 5057
602 5047
603 5049
604 5046
605 5033
606 5020
607 5020
608 5013
609 5027
610 5047
611 5045
612 5033
613 5021
614 5028
615 5024
616 5018
617 5029
618 5043
619 5039
620 5035
621 5033
622 5013
623 5013
624 5005
625 4998
626 5006
627 4978
628 4967
629 4931
630 4922
631 4927
632 4915
633 4916
634 4925
635 4914
636 4895
637 4872
638 4884
639 4871
640 4856
641 4839
642 4835
643 4839
644 4833
645 4832
646 4817
647 4804
648 4811
649 4807
650 4808
651 4782
652 4747
653 4760
654 4777
655 4787
656 4777
657 4767
658 4767
659 4756
660 4751
661 4734
662 4724
663 4710
664 4693
665 4692
666 4688
667 4674
668 4655
669 4646
670 4634
671 4634
672 4635
673 4623
674 4619
675 4601
676 4621
677 4615
678 4620
679 4600
680 4583
681 4568
682 4555
683 4561
684 4556
685 4544
686 4517
687 4504
688 4497
689 4492
690 4497
691 4504
692 4502
693 4489
694 4475
695 4484
696 4451
697 4455
698 4445
699 4449
700 4443
701 4443
702 4443
703 4435
704 4421
705 4421
706 4417
707 4401
708 4392
709 4377
710 4371
711 4366
712 4365
713 4349
714 4339
715 4327
716 4341
717 4341
718 4327
719 4308
720 4302
721 4311
722 4311
723 4300
724 4280
725 4272
726 4255
727 4233
728 4218
729 4217
730 4208
731 4211
732 4208
733 4208
734 4221
735 4213
736 4208
737 4226
738 4244
739 4238
740 4237
741 4237
742 4245
743 4243
744 4217
745 4217
746 4205
747 4192
748 4173
749 4184
750 4169
751 4179
752 4180
753 4171
754 4176
755 4180
756 4190
757 4173
758 4160
759 4171
760 4166
761 4146
762 4156
763 4153
764 4168
765 4166
766 4172
767 4167
768 4177
769 4180
770 4180
771 4155
772 4145
773 4142
774 4132
775 4132
776 4120
777 4117
778 4112
779 4115
780 4111
781 4109
782 4113
783 4112
784 4111
785 4132
786 4103
787 4086
788 4081
789 4081
790 4074
791 4065
792 4065
793 4049
794 4039
795 4027
796 4030
797 4034
798 4020
799 4022
800 4020
801 4007
802 3991
803 3976
804 3957
805 3950
806 3960
807 3947
808 3932
809 3942
810 3928
811 3921
812 3905
813 3902
814 3916
815 3916
816 3902
817 3885
818 3888
819 3870
820 3861
821 3858
822 3852
823 3852
824 3849
825 3839
826 3821
827 3838
828 3824
829 3810
830 3801
831 3798
832 3786
833 3786
834 3767
835 3753
836 3754
837 3748
838 3733
839 3722
840 3700
841 3719
842 3718
843 3705
844 3704
845 3680
846 3692
847 3695
848 3693
849 3694
850 3700
851 3697
852 3684
853 3682
854 3666
855 3641
856 3647
857 3654
858 3655
859 3652
860 3646
861 3632
862 3618
863 3623
864 3607
865 3626
866 3622
867 3615
868 3618
869 3611
870 3616
871 3622
872 3625
873 3631
874 3636
875 3632
876 3606
877 3599
878 3598
879 3579
880 3588
881 3580
882 3577
883 3566
884 3561
885 3564
886 3565
887 3577
888 3576
889 3566
890 3564
891 3538
892 3524
893 3520
894 3497
895 3498
896 3508
897 3486
898 3493
899 3484
900 3481
901 3489
902 3481
903 3491
904 3491
905 3475
906 3473
907 3477
908 3477
909 3458
910 3469
911 3449
912 3454
913 3469
914 3474
915 3491
916 3470
917 3456
918 3443
919 3435
920 3437
921 3428
922 3424
923 3418
924 3432
925 3416
926 3423
927 3413
928 3409
929 3398
930 3391
931 3396
932 3413
933 3400
934 3411
935 3400
936 3412
937 3398
938 3404
939 3401
940 3379
941 3371
942 3370
943 3371
944 3355
945 3363
946 3361
947 3356
948 3346
949 3349
950 3349
951 3348
952 3343
953 3336
954 3326
955 3317
956 3313
957 3314
958 3291
959 3290
960 3294
961 3314
962 3312
963 3306
964 3309
965 3319
966 3307
967 3311
968 3303
969 3305
970 3294
971 3279
972 3273
973 3261
974 3243
975 3247
976 3255
977 3243
978 3239
979 3244
980 3250
981 3262
982 3261
983 3249
984 3237
985 3229
986 3238
987 3239
988 3249
989 3239
990 3227
991 3247
992 3247
993 3250
994 3227
995 3245
996 3234
997 3251
998 3248
999 3234
1000 3227
1001 3226
1002 3218
1003 3223
1004 3204
1005 3190
1006 3170
1007 3180
1008 3163
1009 3164
1010 3162
1011 3150
1012 3148
1013 3144
1014 3146
1015 3148
1016 3153
1017 3147
1018 3137
1019 3144
1020 3139
1021 3135
1022 3121
1023 3116
1024 3110
1025 3117
1026 3116
1027 3116
1028 3116
1029 3119
1030 3103
1031 3100
1032 3111
1033 3102
1034 3099
1035 3075
1036 3072
1037 3067
1038 3066
1039 3070
1040 3071
1041 3087
1042 3102
1043 3103
1044 3121
1045 3110
1046 3103
1047 3118
1048 3128
1049 3133
1050 3127
1051 3117
1052 3099
1053 3098
1054 3092
1055 3105
1056 3095
1057 3100
1058 3102
1059 3107
1060 3110
1061 3095
1062 3090
1063 3081
1064 3094
1065 3084
1066 3081
1067 3056
1068 3044
1069 3059
1070 3070
1071 3057
1072 3052
1073 3058
1074 3056
1075 3054
1076 3047
1077 3063
1078 3070
1079 3071
1080 3070
1081 3076
1082 3069
1083 3071
1084 3060
1085 3035
1086 3034
1087 3046
1088 3051
1089 3033
1090 3028
1091 3029
1092 3042
1093 3055
1094 3067
1095 3058
1096 3044
1097 3045
1098 3046
1099 3038
1100 3054
1101 3038
1102 3030
1103 3027
1104 3039
1105 3043
1106 3038
1107 3027
1108 3022
1109 3005
1110 3019
1111 3006
1112 2980
1113 2973
1114 2959
1115 2972
1116 2964
1117 2944
1118 2926
1119 2926
1120 2906
1121 2900
1122 2908
1123 2902
1124 2894
1125 2889
1126 2883
1127 2877
1128 2867
1129 2857
1130 2842
1131 2848
1132 2848
1133 2838
1134 2835
1135 2834
1136 2839
1137 2839
1138 2838
1139 2839
1140 2821
1141 2817
1142 2811
1143 2793
1144 2793
1145 2804
1146 2828
1147 2805
1148 2798
1149 2783
1150 2782
1151 2781
1152 2785
1153 2763
1154 2770
1155 2774
1156 2769
1157 2748
1158 2742
1159 2743
1160 2729
1161 2717
1162 2710
1163 2708
1164 2690
1165 2691
1166 2696
1167 2676
1168 2678
1169 2678
1170 2673
1171 2668
1172 2657
1173 2662
1174 2648
1175 2648
1176 2646
1177 2658
1178 2663
1179 2655
1180 2641
1181 2621
1182 2621
1183 2614
1184 2620
1185 2620
1186 2618
1187 2616
1188 2613
1189 2596
1190 2600
1191 2596
1192 2584
1193 2583
1194 2586
1195 2576
1196 2572
1197 2570
1198 2569
1199 2573
1200 2573
1201 2559
1202 2547
1203 2547
1204 2533
1205 2534
1206 2531
1207 2532
1208 2535
1209 2517
1210 2518
1211 2519
1212 2513
1213 2524
1214 2515
1215 2490
1216 2473
1217 2479
1218 2482
1219 2479
1220 2478
1221 2474
1222 2477
1223 2478
1224 2469
1225 2460
1226 2452
1227 2462
1228 2465
1229 2459
1230 2463
1231 2461
1232 2457
1233 2446
1234 2439
1235 2437
1236 2436
1237 2443
1238 2441
1239 2442
1240 2442
1241 2443
1242 2447
1243 2440
1244 2430
1245 2433
1246 2436
1247 2422
1248 2417
1249 2420
1250 2414
1251 2430
1252 2426
1253 2429
1254 2419
1255 2410
1256 2399
1257 2393
1258 2384
1259 2384
1260 2377
1261 2364
1262 2367
1263 2353
1264 2347
1265 2336
1266 2343
1267 2340
1268 2329
1269 2332
1270 2329
1271 2329
1272 2334
1273 2345
1274 2356
1275 2345
1276 2333
1277 2334
1278 2312
1279 2309
1280 2301
1281 2303
1282 2296
1283 2280
1284 2293
1285 2302
1286 2300
1287 2283
1288 2268
1289 2273
1290 2264
1291 2261
1292 2250
1293 2257
1294 2248
1295 2251
1296 2256
1297 2242
1298 2233
1299 2237
1300 2245
1301 2246
1302 2254
1303 2248
1304 2253
1305 2239
1306 2228
1307 2231
1308 2231
1309 2227
1310 2217
1311 2208
1312 2201
1313 2201
1314 2203
1315 2194
1316 2193
1317 2201
1318 2190
1319 2191
1320 2190
1321 2175
1322 2180
1323 2170
1324 2176
1325 2169
1326 2168
1327 2169
1328 2179
1329 2176
1330 2170
1331 2174
1332 2158
1333 2162
1334 2152
1335 2147
1336 2133
1337 2131
1338 2132
1339 2132
1340 2123
1341 2132
1342 2125
1343 2112
1344 2105
1345 2107
1346 2109
1347 2111
1348 2125
1349 2130
1350 2131
1351 2135
1352 2139
1353 2142
1354 2130
1355 2122
1356 2108
1357 2110
1358 2105
1359 2091
1360 2087
1361 2086
1362 2088
1363 2081
1364 2082
1365 2073
1366 2068
1367 2072
1368 2075
1369 2066
1370 2062
1371 2059
1372 2050
1373 2044
1374 2039
1375 2039
1376 2054
1377 2044
1378 2030
1379 2031
1380 2032
1381 2036
1382 2031
1383 2033
1384 2024
1385 2021
1386 2013
1387 2001
1388 1992
1389 1985
1390 1978
1391 1975
1392 1973
1393 1973
1394 1963
1395 1958
1396 1955
1397 1963
1398 1949
1399 1948
1400 1956
1401 1956
1402 1973
1403 1966
1404 1981
1405 1982
1406 1995
1407 1993
1408 1996
1409 1982
1410 1993
1411 1971
1412 1974
1413 1974
1414 1972
1415 1964
1416 1961
1417 1941
1418 1937
1419 1933
1420 1929
1421 1933
1422 1930
1423 1930
1424 1932
1425 1933
1426 1933
1427 1928
1428 1929
1429 1939
1430 1935
1431 1929
1432 1916
1433 1915
1434 1912
1435 1919
1436 1918
1437 1918
1438 1906
1439 1903
1440 1898
1441 1894
1442 1891
1443 1899
1444 1905
1445 1904
1446 1893
1447 1888
1448 1887
1449 1894
1450 1894
1451 1894
1452 1903
1453 1903
1454 1916
1455 1910
1456 1904
1457 1900
1458 1902
1459 1911
1460 1909
1461 1921
1462 1930
1463 1929
1464 1919
1465 1919
1466 1922
1467 1911
1468 1920
1469 1919
1470 1916
1471 1919
1472 1906
1473 1922
1474 1909
1475 1904
1476 1890
1477 1895
1478 1887
1479 1886
1480 1883
1481 1899
1482 1898
1483 1898
1484 1887
1485 1879
1486 1879
1487 1898
1488 1896
1489 1899
1490 1903
1491 1884
1492 1888
1493 1890
1494 1884
1495 1878
1496 1885
1497 1883
1498 1874
1499 1858
1500 1866
