0 40
1 43
2 47
3 50
4 52
5 54
6 56
7 57
8 59
9 61
10 63
11 63
12 64
13 66
14 66
15 66
16 66
17 66
18 66
19 66
20 65
21 64
22 64
23 64
24 63
25 64
26 64
27 64
28 64
29 67
30 67
31 67
32 68
33 69
34 70
35 73
36 73
37 74
38 73
39 74
40 75
41 76
42 74
43 75
44 74
45 72
46 70
47 67
48 66
49 65
50 66
51 65
52 63
53 63
54 62
55 61
56 62
57 62
58 64
59 64
60 62
61 62
62 62
63 61
64 63
65 65
66 67
67 69
68 69
69 70
70 70
71 72
72 75
73 76
74 75
75 75
76 76
77 79
78 82
79 83
80 82
81 82
82 84
83 85
84 86
85 82
86 79
87 78
88 79
89 80
90 80
91 79
92 82
93 81
94 82
95 82
96 84
97 85
98 85
99 87
100 83
101 87
102 89
103 90
104 93
105 92
106 95
107 95
108 97
109 95
110 95
111 97
112 94
113 96
114 96
115 97
116 97
117 98
118 101
119 102
120 101
121 102
122 103
123 106
124 107
125 110
126 111
127 110
128 111
129 113
130 117
131 121
132 121
133 123
134 124
135 125
136 127
137 125
138 125
139 125
140 127
141 129
142 130
143 135
144 137
145 140
146 143
147 146
148 148
149 150
150 148
151 148
152 149
153 151
154 152
155 151
156 153
157 149
158 153
159 154
160 153
161 156
162 157
163 160
164 159
165 163
166 166
167 168
168 171
169 174
170 172
171 175
172 179
173 178
174 179
175 179
176 180
177 182
178 185
179 185
180 192
181 192
182 192
183 194
184 200
185 197
186 196
187 197
188 201
189 207
190 210
191 211
192 214
193 214
194 215
195 216
196 217
197 216
198 217
199 220
200 223
201 225
202 226
203 231
204 233
205 235
206 237
207 237
208 239
209 240
210 245
211 245
212 249
213 253
214 255
215 256
216 256
217 258
218 261
219 264
220 263
221 265
222 270
223 275
224 271
225 273
226 276
227 275
228 277
229 280
230 282
231 286
232 285
233 289
234 297
235 296
236 298
237 301
238 306
239 309
240 311
241 313
242 314
243 321
244 319
245 324
246 327
247 329
248 333
249 340
250 344
251 347
252 349
253 348
254 350
255 350
256 357
257 363
258 366
259 374
260 380
261 388
262 390
263 398
264 399
265 401
266 407
267 411
268 417
269 421
270 427
271 433
272 435
273 438
274 441
275 447
276 451
277 460
278 467
279 471
280 468
281 469
282 475
283 478
284 485
285 493
286 494
287 497
288 500
289 507
290 515
291 520
292 528
293 532
294 539
295 546
296 550
297 559
298 563
299 567
300 577
301 577
302 586
303 595
304 605
305 613
306 617
307 614
308 617
309 623
310 633
311 634
312 645
313 648
314 654
315 656
316 662
317 668
318 665
319 671
320 679
321 684
322 693
323 697
324 707
325 709
326 712
327 713
328 726
329 728
330 740
331 745
332 751
333 752
334 752
335 753
336 766
337 770
338 779
339 783
340 781
341 794
342 803
343 819
344 829
345 830
346 840
347 842
348 847
349 862
350 869
351 875
352 884
353 892
354 901
355 905
356 913
357 925
358 930
359 930
360 936
361 943
362 943
363 952
364 965
365 969
366 987
367 994
368 1009
369 1022
370 1022
371 1040
372 1052
373 1059
374 1069
375 1077
376 1087
377 1106
378 1115
379 1131
380 1139
381 1147
382 1153
383 1158
384 1171
385 1179
386 1191
387 1197
388 1213
389 1228
390 1240
391 1257
392 1266
393 1281
394 1298
395 1307
396 1318
397 1333
398 1349
399 1359
400 1378
401 1397
402 1407
403 1428
404 1440
405 1453
406 1452
407 1473
408 1480
409 1496
410 1509
411 1515
412 1529
413 1548
414 1564
415 1572
416 1590
417 1600
418 1611
419 1627
420 1636
421 1651
422 1664
423 1674
424 1693
425 1708
426 1730
427 1760
428 1781
429 1803
430 1827
431 1843
432 1855
433 1883
434 1894
435 1922
436 1952
437 1982
438 2006
439 2026
440 2056
441 2074
442 2089
443 2102
444 2123
445 2155
446 2174
447 2199
448 2230
449 2252
450 2278
451 2285
452 2309
453 2336
454 2358
455 2386
456 2412
457 2442
458 2479
459 2513
460 2546
461 2586
462 2606
463 2641
464 2682
465 2718
466 2744
467 2776
468 2801
469 2834
470 2861
471 2885
472 2920
473 2951
474 2979
475 3015
476 3028
477 3061
478 3085
479 3115
480 3155
481 3182
482 3208
483 3253
484 3285
485 3325
486 3348
487 3407
488 3455
489 3485
490 3526
491 3567
492 3602
493 3633
494 3682
495 3733
496 3769
497 3825
498 3852
499 3879
500 3928
501 3962
502 3996
503 4042
504 4092
505 4164
506 4220
507 4262
508 4329
509 4369
510 4406
511 4441
512 4479
513 4530
514 4578
515 4632
516 4686
517 4747
518 4794
519 4835
520 4880
521 4930
522 4986
523 5049
524 5109
525 5190
526 5247
527 5323
528 5385
529 5444
530 5501
531 5562
532 5614
533 5685
534 5741
535 5800
536 5873
537 5947
538 6008
539 6046
540 6100
541 6155
542 6225
543 6270
544 6344
545 6408
546 6480
547 6527
548 6577
549 6654
550 6710
551 6791
552 6863
553 6941
554 7030
555 7105
556 7170
557 7229
558 7306
559 7373
560 7447
561 7545
562 7617
563 7695
564 7807
565 7911
566 7995
567 8104
568 8198
569 8284
570 8381
571 8454
572 8538
573 8641
574 8739
575 8820
576 8918
577 9020
578 9104
579 9179
580 9261
581 9335
582 9436
583 9555
584 9657
585 9737
586 9834
587 9954
588 10045
589 10189
590 10269
591 10405
592 10519
593 10651
594 10799
595 10906
596 11029
597 11149
598 11256
599 11376
600 11498
601 11641
602 11765
603 11866
604 12013
605 12129
606 12269
607 12361
608 12496
609 12642
610 12759
611 12882
612 13047
613 13157
614 13277
615 13401
616 13548
617 13702
618 13859
619 14005
620 14144
621 14307
622 14468
623 14638
624 14775
625 14947
626 15106
627 15278
628 15421
629 15559
630 15735
631 15903
632 16083
633 16280
634 16465
635 16617
636 16785
637 16953
638 17118
639 17244
640 17421
641 17602
642 17826
643 18063
644 18233
645 18430
646 18590
647 18835
648 19005
649 19201
650 19411
651 19612
652 19805
653 20025
654 20252
655 20469
656 20687
657 20906
658 21124
659 21346
660 21584
661 21824
662 22046
663 22256
664 22496
665 22716
666 22931
667 23180
668 23442
669 23653
670 23910
671 24188
672 24436
673 24715
674 24978
675 25204
676 25476
677 25765
678 26025
679 26299
680 26565
681 26831
682 27078
683 27347
684 27681
685 27957
686 28254
687 28521
688 28823
689 29088
690 29431
691 29737
692 30049
693 30399
694 30694
695 30990
696 31277
697 31627
698 31940
699 32252
700 32569
701 32883
702 33234
703 33563
704 33925
705 34253
706 34622
707 34957
708 35358
709 35752
710 36156
711 36538
712 36922
713 37261
714 37633
715 38039
716 38437
717 38823
718 39200
719 39559
720 40003
721 40438
722 40866
723 41253
724 41646
725 42038
726 42482
727 42955
728 43362
729 43833
730 44335
731 44846
732 45296
733 45838
734 46348
735 46839
736 47378
737 47779
738 48302
739 48756
740 49235
741 49672
742 50174
743 50686
744 51234
745 51811
746 52350
747 52893
748 53459
749 54042
750 54662
751 55221
752 55794
753 56345
754 56960
755 57544
756 58158
757 58707
758 59324
759 60006
760 60615
761 61240
762 61856
763 62518
764 63152
765 63775
766 64493
767 65193
768 65941
769 66682
770 67393
771 68108
772 68816
773 69532
774 70186
775 70896
776 71598
777 72334
778 73085
779 73906
780 74674
781 75456
782 76231
783 77033
784 77891
785 78644
786 79514
787 80321
788 81195
789 81970
790 82875
791 83798
792 84668
793 85510
794 86437
795 87382
796 88206
797 89169
798 90130
799 91083
800 92001
801 93008
802 94013
803 94994
804 96036
805 97093
806 98097
807 99077
808 100127
809 101188
810 102268
811 103370
812 104377
813 105530
814 106654
815 107850
816 108964
817 110036
818 111178
819 112376
820 113670
821 114858
822 116074
823 117339
824 118524
825 119732
826 121116
827 122497
828 123751
829 125060
830 126402
831 127741
832 129074
833 130395
834 131751
835 133126
836 134546
837 135963
838 137385
839 138795
840 140204
841 141715
842 143197
843 144769
844 146214
845 147813
846 149339
847 150898
848 152600
849 154230
850 155839
851 157498
852 159187
853 160922
854 162639
855 164290
856 165989
857 167655
858 169472
859 171251
860 173037
861 174813
862 176590
863 178487
864 180357
865 182363
866 184327
867 186343
868 188406
869 190513
870 192563
871 194613
872 196642
873 198744
874 200827
875 202865
876 205016
877 207177
878 209277
879 211506
880 213717
881 215920
882 218160
883 220410
884 222786
885 225178
886 227608
887 230094
888 232506
889 234865
890 237388
891 239963
892 242446
893 245005
894 247515
895 250223
896 252831
897 255493
898 258208
899 260869
900 263774
901 266672
902 269526
903 272334
904 275246
905 278157
906 281151
907 284134
908 287158
909 290257
910 293216
911 296358
912 299346
913 302625
914 305826
915 308967
916 312222
917 315530
918 318918
919 322339
920 325653
921 329173
922 332501
923 336076
924 339592
925 343144
926 346714
927 350480
928 354124
929 357938
930 361669
931 365594
932 369712
933 373850
934 377894
935 381998
936 385985
937 390044
938 394187
939 398513
940 402430
941 406669
942 411138
943 415460
944 419804
945 424222
946 428518
947 433005
948 437637
949 442387
950 447063
951 451849
952 456643
953 461417
954 466435
955 471448
956 476287
957 481427
958 486402
959 491694
960 496978
961 502290
962 507540
963 512944
964 518539
965 524153
966 529803
967 535632
968 541416
969 547168
970 552947
971 558956
972 564976
973 571042
974 576983
975 583212
976 589342
977 595339
978 601722
979 608017
980 614331
981 620973
982 627671
983 633930
984 640645
985 647486
986 654367
987 661402
988 668577
989 675606
990 682762
991 689998
992 697274
993 704659
994 712212
995 720084
996 727806
997 735624
998 743196
999 750992
1000 758913
